 'filters_1': 64,
 'kernel_size_1': 4,
 'activation_1': 'relu',
 'dropout_1': 0.15849627641193287,
 'filters_2': 16,
 'kernel_size_2': 3,
 'activation_2': 'linear',
 'dropout_2': 0.21206488094947984,
 'filters_3': 32,
 'kernel_size_3': 2,
 'activation_3': 'relu',
 'dropout_3': 0.37561830816759867,
 'filters_4': 16,
 'kernel_size_4': 4,
 'activation_4': 'relu',
 'dropout_4': 0.415918641434305,
 'dense_layer_nodes_1': 16
